%YAML:1.0
intrinsic: !!opencv-matrix
   rows: 3
   cols: 3
   dt: d
   data: [ 5.9279851725853757e+002, 0., 2.3851851321404897e+002, 0.,
       5.9057592007382993e+002, 2.4889450841201392e+002, 0., 0., 1. ]
distortion_coeff: !!opencv-matrix
   rows: 5
   cols: 1
   dt: d
   data: [ 7.4440891831604114e-002, 2.5808585523084537e-001,
       2.7022539628552972e-003, -4.5386376335590740e-003,
       -2.1769053397574574e+000 ]
rotation_matrices:
   - !!opencv-matrix
      rows: 3
      cols: 1
      dt: d
      data: [ -2.1740823330599479e+000, -2.1838184075623808e+000,
          2.1542032406826252e-002 ]
   - !!opencv-matrix
      rows: 3
      cols: 1
      dt: d
      data: [ -1.9740456224625595e+000, -1.9717731080864458e+000,
          3.5637725343544874e-001 ]
   - !!opencv-matrix
      rows: 3
      cols: 1
      dt: d
      data: [ -1.8896029943193848e+000, -1.8549454699434014e+000,
          5.2780297459564529e-001 ]
   - !!opencv-matrix
      rows: 3
      cols: 1
      dt: d
      data: [ -1.8057702047167008e+000, -1.7455638276136758e+000,
          6.9877805153409123e-001 ]
   - !!opencv-matrix
      rows: 3
      cols: 1
      dt: d
      data: [ -2.1857714142005418e+000, -1.3744420602273619e+000,
          9.9138708166549583e-001 ]
   - !!opencv-matrix
      rows: 3
      cols: 1
      dt: d
      data: [ -2.3396478948467370e+000, -1.5951579744354236e+000,
          8.6270959353878174e-001 ]
   - !!opencv-matrix
      rows: 3
      cols: 1
      dt: d
      data: [ 2.0511775930721678e+000, 2.1292990531154112e+000,
          -7.6772899298745534e-001 ]
   - !!opencv-matrix
      rows: 3
      cols: 1
      dt: d
      data: [ 1.8978177059089920e+000, 2.0169867415017810e+000,
          -8.9593398626622689e-001 ]
   - !!opencv-matrix
      rows: 3
      cols: 1
      dt: d
      data: [ 2.1380629469752690e+000, 1.7685748082061703e+000,
          -2.3666638651393132e-001 ]
   - !!opencv-matrix
      rows: 3
      cols: 1
      dt: d
      data: [ 2.0235865378768025e+000, 2.0535475961675158e+000,
          2.8671891419755086e-001 ]
   - !!opencv-matrix
      rows: 3
      cols: 1
      dt: d
      data: [ 1.9617274113304770e+000, 1.9332214827447998e+000,
          4.9316006733864770e-001 ]
   - !!opencv-matrix
      rows: 3
      cols: 1
      dt: d
      data: [ -2.4806791306551457e+000, -1.6908848924546060e+000,
          -7.4378083487938929e-001 ]
   - !!opencv-matrix
      rows: 3
      cols: 1
      dt: d
      data: [ -1.8448274766221033e+000, -1.9542256035576313e+000,
          -5.1510780164300918e-001 ]
   - !!opencv-matrix
      rows: 3
      cols: 1
      dt: d
      data: [ -1.8755324370512545e+000, -1.7814456018692355e+000,
          -6.6502240743346930e-001 ]
   - !!opencv-matrix
      rows: 3
      cols: 1
      dt: d
      data: [ -1.8916097895077864e+000, -1.7143976719978700e+000,
          -7.0639684722734053e-001 ]
   - !!opencv-matrix
      rows: 3
      cols: 1
      dt: d
      data: [ -1.8941980042242543e+000, -1.6642149051757258e+000,
          -7.5429290117079195e-001 ]
   - !!opencv-matrix
      rows: 3
      cols: 1
      dt: d
      data: [ -1.5614643518472024e+000, -1.8142988098872364e+000,
          -5.8795320271157837e-002 ]
   - !!opencv-matrix
      rows: 3
      cols: 1
      dt: d
      data: [ -1.3393751671316743e+000, -1.9028104347092059e+000,
          3.3126224697464117e-002 ]
   - !!opencv-matrix
      rows: 3
      cols: 1
      dt: d
      data: [ -2.2752867556560195e+000, -9.9325152233464764e-001,
          -3.9973514640754260e-001 ]
   - !!opencv-matrix
      rows: 3
      cols: 1
      dt: d
      data: [ -1.6959885466066720e+000, -1.6044893678215719e+000,
          7.0149461478396402e-001 ]
translation_matrices:
   - !!opencv-matrix
      rows: 3
      cols: 1
      dt: d
      data: [ -9.2754569364639579e+001, -7.5453087868831958e+001,
          3.4008168808666204e+002 ]
   - !!opencv-matrix
      rows: 3
      cols: 1
      dt: d
      data: [ -1.1811468245043133e+002, -7.3676849795436539e+001,
          3.5289158365414232e+002 ]
   - !!opencv-matrix
      rows: 3
      cols: 1
      dt: d
      data: [ -1.1661774148711115e+002, -7.1910832685619923e+001,
          3.4353463947261577e+002 ]
   - !!opencv-matrix
      rows: 3
      cols: 1
      dt: d
      data: [ -1.0742035016888516e+002, -6.4701831230179423e+001,
          3.7878365110197916e+002 ]
   - !!opencv-matrix
      rows: 3
      cols: 1
      dt: d
      data: [ -1.2103708865058466e+002, -4.2160757443841836e+000,
          4.3526597707433507e+002 ]
   - !!opencv-matrix
      rows: 3
      cols: 1
      dt: d
      data: [ -1.4020954828850009e+002, -1.5261465204992845e+001,
          4.3379873449583050e+002 ]
   - !!opencv-matrix
      rows: 3
      cols: 1
      dt: d
      data: [ -9.8720113014234101e+001, -9.2541379574200150e+001,
          4.1387167528154293e+002 ]
   - !!opencv-matrix
      rows: 3
      cols: 1
      dt: d
      data: [ -8.9529872362002592e+001, -7.5677811625847866e+001,
          4.2652833594386027e+002 ]
   - !!opencv-matrix
      rows: 3
      cols: 1
      dt: d
      data: [ -1.0416764408061057e+002, -6.8685758525829925e+001,
          3.5818073644320168e+002 ]
   - !!opencv-matrix
      rows: 3
      cols: 1
      dt: d
      data: [ -7.4173345734113553e+001, -8.3810227944333320e+001,
          3.0686986988483739e+002 ]
   - !!opencv-matrix
      rows: 3
      cols: 1
      dt: d
      data: [ -6.4751488383141492e+001, -7.6942389487547004e+001,
          2.8088025581602386e+002 ]
   - !!opencv-matrix
      rows: 3
      cols: 1
      dt: d
      data: [ -8.2203225350563812e+001, -1.2827417740123755e+001,
          3.1176487484372723e+002 ]
   - !!opencv-matrix
      rows: 3
      cols: 1
      dt: d
      data: [ -9.6903242510578195e+001, -4.6613552942474996e+001,
          3.3015969258091030e+002 ]
   - !!opencv-matrix
      rows: 3
      cols: 1
      dt: d
      data: [ -9.2551991763299668e+001, -1.1083746277726737e+001,
          3.3005277395791262e+002 ]
   - !!opencv-matrix
      rows: 3
      cols: 1
      dt: d
      data: [ -9.0543122455897901e+001, 1.0654796007508567e+001,
          3.3162814581863398e+002 ]
   - !!opencv-matrix
      rows: 3
      cols: 1
      dt: d
      data: [ -9.1282636034706513e+001, 2.8972391795123936e+001,
          3.3335877556139025e+002 ]
   - !!opencv-matrix
      rows: 3
      cols: 1
      dt: d
      data: [ -1.0830937857072975e+002, -6.5421128616881219e+001,
          3.5092895384306559e+002 ]
   - !!opencv-matrix
      rows: 3
      cols: 1
      dt: d
      data: [ -1.1252113749270463e+002, -9.5697118933332476e+001,
          3.6248584932855402e+002 ]
   - !!opencv-matrix
      rows: 3
      cols: 1
      dt: d
      data: [ -1.1579297071430652e+002, 8.0749529952585462e+001,
          4.0816978450173741e+002 ]
   - !!opencv-matrix
      rows: 3
      cols: 1
      dt: d
      data: [ -1.3560726611177395e+002, -5.6912746656178072e+001,
          3.9114541508700967e+002 ]
