%YAML:1.0
points3d: !!opencv-matrix
   rows: 3
   cols: 347
   dt: f
   data: [ 1.62889898e-001, -7.58205280e-002, 1.20666288e-001,
       1.26784310e-001, 1.15492940e-001, 5.76205365e-002,
       -1.09492771e-001, -4.88893799e-002, 6.72700182e-002,
       1.03450030e-001, 1.69812247e-001, -1.90648526e-001,
       -9.52965915e-002, 1.64424270e-001, 1.13473915e-001,
       1.09723859e-001, 1.27105027e-001, 1.21897593e-001,
       -1.66314751e-001, 6.52792230e-002, 1.51202634e-001,
       1.34902626e-001, 1.46669134e-001, 1.60560519e-001,
       1.55828059e-001, 1.62377074e-001, 8.67405161e-002,
       -8.07370394e-002, 1.04516871e-001, 1.02708608e-001,
       1.29872844e-001, 1.53484330e-001, 1.40540943e-001,
       1.72926083e-001, 1.05041504e-001, 9.44093540e-002,
       1.14143096e-001, 1.48354769e-001, 1.12386458e-001,
       -9.89538953e-002, -1.77468479e-001, -1.94341406e-001,
       1.29352987e-001, -1.25502020e-001, -4.17712778e-002,
       7.20884651e-002, 1.44131914e-001, 1.38395324e-001,
       8.53619650e-002, -5.54667860e-002, -1.01220824e-001,
       1.81510061e-001, 5.48908226e-002, 1.00736581e-001,
       -1.64745718e-001, 1.20699264e-001, 3.71796191e-002,
       -2.00968817e-001, 1.30690530e-001, 3.36397141e-002,
       1.26610547e-001, -1.60649344e-001, 1.04760408e-001,
       1.03299879e-001, 6.06757849e-002, -3.47011304e-003,
       -1.64121389e-001, 1.09205209e-001, 2.67306734e-002,
       6.24448955e-002, 1.30204394e-001, -3.61607186e-002,
       1.82868410e-002, 1.59088358e-001, 1.48094207e-001,
       -9.65059474e-002, 1.46359608e-001, 9.43016335e-002,
       1.87640935e-002, -5.53084910e-002, -1.73573550e-002,
       9.42050740e-002, 3.30432989e-002, 8.10908824e-002,
       4.70837392e-002, -7.01157823e-002, 1.15130924e-001,
       1.09456010e-001, 1.02977715e-001, 7.75518492e-002,
       -4.62727398e-002, -1.73298359e-001, 7.85767585e-002,
       1.22553043e-001, -2.63359845e-002, -3.31866108e-002,
       -6.02019299e-003, 2.51709204e-002, 5.77931143e-002,
       1.74252599e-001, 5.96379079e-002, 1.05604373e-001,
       -2.17147499e-001, -2.48671696e-003, 7.41209611e-002,
       -1.24647997e-001, 1.45473450e-001, 1.07965991e-002,
       -1.60585627e-001, 1.47982448e-001, -4.54389304e-002,
       -7.56495893e-002, -5.83844818e-003, -4.50682342e-002,
       8.77084136e-002, 5.71806356e-002, 6.83787987e-002,
       -2.12175652e-001, 7.57879987e-002, 5.73392846e-002,
       -8.85601714e-002, 4.22866791e-002, -5.95012456e-002,
       3.87709625e-002, 8.32620114e-002, -2.10144911e-002,
       4.53462787e-002, -6.65906025e-003, 3.40026058e-002,
       6.15813024e-002, 1.00715391e-001, 1.94375999e-002,
       -9.62122604e-002, 6.09225705e-002, 3.29625160e-002,
       4.45281528e-002, -1.80663820e-002, -7.59617761e-002,
       6.87888712e-002, 1.81573164e-002, 1.53959006e-001,
       -3.43784727e-002, 8.22259560e-002, -1.13332942e-001,
       1.55676035e-002, 1.87397015e-003, -1.67345911e-001,
       7.72597492e-002, 3.17049287e-002, 4.71151136e-002,
       2.79314388e-002, -9.61439312e-002, -6.51468337e-002,
       -2.22959295e-002, 1.04873173e-001, 6.60028756e-002,
       5.81291690e-002, 7.20713586e-002, -7.23732039e-002,
       4.70088832e-002, 4.73954044e-002, 4.02983315e-002,
       -9.49513465e-002, -1.52616873e-001, 1.52082574e-002,
       -2.24533444e-003, 6.20552637e-002, 4.12456654e-002,
       7.24571478e-003, 2.42860503e-002, -1.33455336e-001,
       5.19218892e-002, 4.59368676e-002, 6.72204271e-002,
       2.10925266e-002, -1.21235348e-001, -3.04596499e-002,
       1.36603257e-002, 7.91663826e-002, 4.59321402e-002,
       1.09054320e-001, 1.05628535e-001, 9.68958214e-002,
       2.47007757e-002, 1.44953996e-001, 1.78333819e-001,
       5.64660951e-002, 5.26036508e-002, -1.46369740e-001,
       2.51696538e-002, 5.56114763e-002, 1.32814106e-002,
       -2.36248528e-003, -2.04729766e-001, -8.06726664e-002,
       8.15792829e-002, -8.44072457e-003, 2.82581802e-003,
       9.52829793e-002, 3.31017300e-002, -1.41873389e-001,
       1.43252403e-001, 9.79010463e-002, 3.26741338e-002,
       5.96767440e-002, -6.27599508e-002, 1.01783581e-001,
       -3.06578949e-002, 9.83157307e-002, 1.40841231e-001,
       3.05057168e-002, 2.94444780e-003, 9.68652368e-002,
       -2.61347555e-003, 1.15820974e-001, 5.65306135e-002,
       -3.38359326e-002, -1.49162024e-001, 1.36782169e-001,
       3.60505469e-002, -1.50279909e-001, -9.50090066e-002,
       -8.90012598e-004, 1.39194727e-001, -1.16685107e-001,
       1.49137564e-002, 4.29069139e-002, 1.03794098e-001,
       6.84434026e-002, 7.41697103e-002, 1.34097757e-002,
       1.01810038e-001, -8.26577917e-002, -8.28002617e-002,
       4.92284186e-002, 6.70548156e-002, -2.17425115e-002,
       1.00818112e-001, 9.13890079e-002, 7.20090047e-002,
       1.24996267e-001, -1.71384081e-001, 5.84119335e-002,
       1.19046204e-001, 1.20313786e-001, 7.48306513e-002,
       9.55476090e-002, 1.28169462e-001, -2.18586344e-002,
       3.98502536e-002, 6.60350099e-002, 4.79800962e-002,
       -2.58360561e-002, 3.97693291e-002, -8.61180350e-002,
       -4.00677361e-002, 9.62024257e-002, 1.21641770e-001,
       5.46025159e-003, 1.17032439e-001, -3.84390727e-003,
       -1.34800553e-001, 3.38659286e-002, 6.08706065e-002,
       -1.43722445e-001, -1.19607244e-002, 8.27059820e-002,
       1.33830518e-001, -6.09470978e-002, 6.14057928e-002,
       -7.04715401e-002, 8.54982901e-003, -2.15488374e-002,
       5.51034994e-002, 6.16749600e-002, 4.87683974e-002,
       1.46480173e-001, 1.17840856e-001, -6.88741282e-002,
       1.29132390e-001, 1.04954295e-001, -1.45260289e-001,
       6.82475790e-002, 3.70906740e-002, 6.23564869e-002,
       2.36954894e-002, -2.28250906e-001, -3.37073579e-002,
       -1.03528937e-002, 6.19693622e-002, -6.26479881e-003,
       7.60653466e-002, 8.86235461e-002, -6.75767362e-002,
       3.22632566e-002, -2.30306357e-001, -1.26066476e-001,
       5.83706088e-002, -8.22451338e-002, 1.08115695e-001,
       8.03063139e-002, -7.30621591e-002, -6.28083572e-002,
       -1.13576790e-002, 9.19176266e-002, -1.33882791e-001,
       -1.42690092e-001, 1.40619844e-001, -1.15057658e-002,
       7.42042735e-002, 8.88126120e-002, -1.57280251e-001,
       1.39451623e-001, 4.00420278e-002, 1.35246605e-001,
       7.80796185e-002, -1.43023074e-001, 8.00266340e-002,
       3.14430557e-002, -1.77446622e-002, 3.68990339e-002,
       2.23640203e-002, 7.13603795e-002, 3.73431854e-002,
       1.77366603e-002, 5.27102500e-002, 1.10604949e-002,
       1.11568719e-001, 5.38715385e-002, -1.50683699e-002,
       4.74946313e-002, -1.30104469e-002, 1.59030929e-001,
       1.86792016e-002, -5.89882061e-002, 7.80603141e-002,
       -5.82315996e-002, -1.89603167e-003, 2.83439253e-002,
       6.67014569e-002, 9.14218277e-002, -3.11241075e-002,
       1.20001286e-001, 1.37363464e-001, 1.11342110e-001,
       -1.45982683e-003, 1.06646493e-001, -8.68701376e-003,
       -9.66083184e-002, 4.38093729e-002, 3.74698788e-002,
       6.13397807e-002, -1.18264526e-001, 7.49669895e-002,
       -1.70588732e-001, -8.06567967e-002, 8.62535238e-002,
       8.74334574e-002, 1.80057421e-001, -1.08765014e-001,
       3.95420045e-002, 7.82690719e-002, 5.22922426e-002,
       8.41398984e-002, 6.40621707e-002, 1.72526315e-001,
       -1.14576347e-001, 8.40721875e-002, 2.64502540e-002,
       6.81273639e-002, 9.08501893e-002, 4.90260459e-002,
       8.07580948e-002, 7.70314336e-002, -1.09768517e-001,
       7.67042339e-002, 7.68609047e-002, 7.22676516e-002,
       -5.56826219e-003, 4.04189224e-004, 3.41774821e-002,
       6.58615232e-002, 3.13516706e-002, -3.76995578e-002,
       2.81480830e-002, 8.75681713e-002, 2.17782930e-002,
       1.96723476e-001, 1.50706232e-001, 6.70106336e-002,
       8.08350369e-002, -1.15370430e-001, 3.78927104e-002,
       -8.93718097e-003, 5.53498864e-002, 3.91511098e-002,
       -1.01896957e-001, -9.18753371e-002, 2.65211165e-002,
       1.17368822e-003, 3.55039164e-002, 1.37208283e-001,
