%YAML:1.0
Per_View_Reprojection_Errors: [ 1.71637580e-001, 2.20583811e-001,
    2.88851351e-001, 3.22754294e-001, 3.16695839e-001, 2.66535193e-001,
    2.47987375e-001, 3.04736942e-001, 2.51731396e-001, 2.40122363e-001,
    2.69828647e-001, 2.30875328e-001, 2.44639978e-001, 2.73119688e-001,
    2.79849291e-001, 3.03610891e-001, 2.99276739e-001, 3.10784489e-001,
    3.09818923e-001, 4.00293022e-001 ]
Avg_Reprojection_Error: 2.8159138885389706e-001
